*********
0
tensor([ True,  True,  True,  True,  True,  True, False, False],
       device='cuda:0')
{'input_ids': tensor([[    2,     2,     2,  ..., 31613, 30898, 30383],
        [    2,     2,     2,  ..., 31613, 30898, 30383],
        [ 9330, 29901,  9637,  ..., 31613, 30898, 30383],
        [    2,     2,     2,  ..., 31613, 30898, 30383],
        [    2,     2,     2,  ..., 31613, 30898, 30383],
        [    2,     2,     2,  ..., 31613, 30898, 30383]], device='cuda:0'), 'attention_mask': tensor([[0, 0, 0,  ..., 1, 1, 1],
        [0, 0, 0,  ..., 1, 1, 1],
        [1, 1, 1,  ..., 1, 1, 1],
        [0, 0, 0,  ..., 1, 1, 1],
        [0, 0, 0,  ..., 1, 1, 1],
        [0, 0, 0,  ..., 1, 1, 1]], device='cuda:0'), 'labels': tensor([[  2,   2,   2,  ...,   2, 350,   2],
        [  2,   2,   2,  ...,   2, 350,   2],
        [  2,   2,   2,  ...,   2, 319,   2],
        [  2,   2,   2,  ...,   2, 350,   2],
        [  2,   2,   2,  ...,   2, 319,   2],
        [  2,   2,   2,  ...,   2, 319,   2]], device='cuda:0')}
*********
0
tensor([ True,  True,  True,  True,  True,  True, False, False],
       device='cuda:0')
{'input_ids': tensor([[    2,     2,     2,  ..., 31613, 30898, 30383],
        [    2,     2,     2,  ..., 31613, 30898, 30383],
        [ 9330, 29901,  9637,  ..., 31613, 30898, 30383],
        [    2,     2,     2,  ..., 31613, 30898, 30383],
        [    2,     2,     2,  ..., 31613, 30898, 30383],
        [    2,     2,     2,  ..., 31613, 30898, 30383]], device='cuda:0'), 'attention_mask': tensor([[0, 0, 0,  ..., 1, 1, 1],
        [0, 0, 0,  ..., 1, 1, 1],
        [1, 1, 1,  ..., 1, 1, 1],
        [0, 0, 0,  ..., 1, 1, 1],
        [0, 0, 0,  ..., 1, 1, 1],
        [0, 0, 0,  ..., 1, 1, 1]], device='cuda:0'), 'labels': tensor([[  2,   2,   2,  ...,   2, 350,   2],
        [  2,   2,   2,  ...,   2, 350,   2],
        [  2,   2,   2,  ...,   2, 319,   2],
        [  2,   2,   2,  ...,   2, 350,   2],
        [  2,   2,   2,  ...,   2, 319,   2],
        [  2,   2,   2,  ...,   2, 319,   2]], device='cuda:0')}
*********
1
tensor([False, False, False, False, False, False,  True,  True],
       device='cuda:0')
{'input_ids': tensor([[    2,     2,     2,     2,     2,     2,     2,     2,     2,     2,
             2,     2,     2,     2,     2,     2,     2,     2,     2,     2,
             2,     2,     2,     2,     2,     2,     2,     2,     2,     2,
             2,     2,     2,     2,     2,     2,     2,     2,     2,     2,
             2,     2,     2,     2,     2,     2,     2,     2,     2,     2,
             2,     2,     2,     2,     2,     2,     2,     2,     2,     2,
             2,     2,     2,     2,     2,     2,     2,     2,     2,     2,
             2,     2,     2,     2,     2,     2,     2,     2,     2,     2,
             2,     2,     2,     2,     2,     2,     2,     2,     2,     2,
             2,     2,     2,     2,     2,     2,     2,     2,     2,     2,
             2,     2,     2,     2,     2,     2,     2,     2,     2,     2,
             2,     2,     2,     2,     2,     2,     2,     2,     2,     2,
             2,     2,     2,     2,     2,     2,     2,     2,     2,     2,
             2,     2,     2,     2,     2,     2,     2,     2,     2,     2,
             2,     2,     2,     2,     2,     2,     2,     2,     2,     2,
             2,     2,     2,     2,     2,     2,     2,     2,     2,     2,
             2,     2,     2,     2,     2,     2,     2,     2,     2,     2,
             2,     2,     2,     2,     2,     2,     2,     2,     2,     2,
             2,     2,     2,     2,     2,     2,     2,     2,     2,     2,
             2,     2,     2,     2,     2,     2,     2,     2,     2,     2,
             2,     2,     2,     2,     2,     2,     2,     2,     2,     2,
             2,     2,     2,     2,     2,     2,     2,     2,     2,     2,
             2,     2,     2,     2,     2,     2,     2,     2,     2,     2,
             2,     2,     2,     2,     2,     2,     2,     2,     2,     2,
             2,     2,     2,     2,     2,     2,     2,     2,     2,     2,
             2,     2,     2,     2,     2,     2,     2,     2,     2,     2,
             2,     2,     2,     2,     2,     2,     2,     2,     2,     2,
             2,     2,     2,     2,     2,     2,     2,     2,  9330, 29901,
          9637,    13, 16390, 24541, 29901,   285,   290, 29883,    13,  5618,
           338,   278,  1601,   300,   653,  8898,   380,   749,   363,   278,
          1494,  1426, 29973,   319, 29889, 27698,   728, 29892,   350, 29889,
           447, 29893, 29895,   728, 29892,   315, 29889, 21104, 29889, 14542,
           852,   697,   515,   319, 29892,   350,   322,   315, 29889,    13,
          1626, 29901,    13, 29902,  2099, 29892,   591, 30003,  1552, 30003,
           351,   475, 29892,   278,  9443,  1546,   269,  2364,   297,   278,
         26504,   322,  4414,   362,   338,  8062, 29892,   756,  1063,  8062,
         29889,    13,   855,   749, 29901],
        [    2,     2,     2,     2,     2,     2,     2,     2,     2,     2,
             2,     2,     2,     2,     2,     2,     2,     2,     2,     2,
             2,     2,     2,     2,     2,     2,     2,     2,     2,     2,
             2,     2,     2,     2,     2,     2,     2,     2,     2,     2,
             2,     2,     2,     2,     2,     2,     2,     2,     2,     2,
             2,     2,     2,     2,     2,     2,     2,     2,     2,     2,
             2,     2,     2,     2,     2,     2,     2,     2,     2,     2,
             2,     2,     2,     2,     2,     2,     2,     2,     2,     2,
             2,     2,     2,     2,     2,     2,     2,     2,     2,     2,
             2,     2,     2,     2,     2,     2,     2,     2,     2,     2,
             2,     2,     2,     2,     2,     2,     2,     2,     2,     2,
             2,     2,     2,     2,     2,     2,     2,     2,     2,     2,
             2,     2,     2,     2,     2,     2,     2,     2,     2,     2,
             2,     2,     2,     2,     2,     2,     2,     2,     2,     2,
             2,     2,     2,     2,     2,     2,     2,     2,     2,     2,
             2,     2,     2,     2,     2,     2,     2,     2,     2,     2,
             2,     2,     2,     2,     2,     2,     2,     2,     2,     2,
             2,     2,     2,     2,     2,     2,     2,     2,     2,     2,
             2,     2,     2,     2,     2,     2,     2,     2,     2,     2,
             2,     2,     2,     2,     2,     2,     2,     2,     2,     2,
             2,     2,     2,     2,     2,     2,     2,     2,     2,     2,
             2,     2,     2,     2,     2,     2,     2,     2,     2,     2,
             2,     2,     2,     2,     2,     2,     2,     2,     2,     2,
             2,     2,     2,     2,     2,     2,     2,     2,     2,     2,
             2,     2,     2,     2,     2,     2,     2,     2,     2,     2,
             2,     2,     2,     2,     2,     2,     2,     2,     2,     2,
             2,     2,     2,     2,     2,     2,     2,     2,     2,     2,
             2,     2,     2,     2,     2,     2,     2,     2,     2,     2,
             2,     2,     2,     2,     2,     2,     2,     2,     2,     2,
             2,     2,     2,  9330, 29901,  9637,    13, 16390, 24541, 29901,
           285,   290, 29883,    13,  5618,   338,   278,  1601,   300,   653,
          8898,   380,   749,   363,   278,  1494,  1426, 29973,   319, 29889,
         27698,   728, 29892,   350, 29889,   447, 29893, 29895,   728, 29892,
           315, 29889, 21104, 29889, 14542,   852,   697,   515,   319, 29892,
           350,   322,   315, 29889,    13,  1626, 29901,    13,  1576, 12045,
           310,  6133,  4414,   362,   297,   445,  5177,   756,  1023, 13391,
         29889,    13,   855,   749, 29901]], device='cuda:0'), 'attention_mask': tensor([[0, 0, 0, 0, 0, 0, 0, 0, 0, 0, 0, 0, 0, 0, 0, 0, 0, 0, 0, 0, 0, 0, 0, 0,
         0, 0, 0, 0, 0, 0, 0, 0, 0, 0, 0, 0, 0, 0, 0, 0, 0, 0, 0, 0, 0, 0, 0, 0,
         0, 0, 0, 0, 0, 0, 0, 0, 0, 0, 0, 0, 0, 0, 0, 0, 0, 0, 0, 0, 0, 0, 0, 0,
         0, 0, 0, 0, 0, 0, 0, 0, 0, 0, 0, 0, 0, 0, 0, 0, 0, 0, 0, 0, 0, 0, 0, 0,
         0, 0, 0, 0, 0, 0, 0, 0, 0, 0, 0, 0, 0, 0, 0, 0, 0, 0, 0, 0, 0, 0, 0, 0,
         0, 0, 0, 0, 0, 0, 0, 0, 0, 0, 0, 0, 0, 0, 0, 0, 0, 0, 0, 0, 0, 0, 0, 0,
         0, 0, 0, 0, 0, 0, 0, 0, 0, 0, 0, 0, 0, 0, 0, 0, 0, 0, 0, 0, 0, 0, 0, 0,
         0, 0, 0, 0, 0, 0, 0, 0, 0, 0, 0, 0, 0, 0, 0, 0, 0, 0, 0, 0, 0, 0, 0, 0,
         0, 0, 0, 0, 0, 0, 0, 0, 0, 0, 0, 0, 0, 0, 0, 0, 0, 0, 0, 0, 0, 0, 0, 0,
         0, 0, 0, 0, 0, 0, 0, 0, 0, 0, 0, 0, 0, 0, 0, 0, 0, 0, 0, 0, 0, 0, 0, 0,
         0, 0, 0, 0, 0, 0, 0, 0, 0, 0, 0, 0, 0, 0, 0, 0, 0, 0, 0, 0, 0, 0, 0, 0,
         0, 0, 0, 0, 0, 0, 0, 0, 0, 0, 0, 0, 0, 0, 1, 1, 1, 1, 1, 1, 1, 1, 1, 1,
         1, 1, 1, 1, 1, 1, 1, 1, 1, 1, 1, 1, 1, 1, 1, 1, 1, 1, 1, 1, 1, 1, 1, 1,
         1, 1, 1, 1, 1, 1, 1, 1, 1, 1, 1, 1, 1, 1, 1, 1, 1, 1, 1, 1, 1, 1, 1, 1,
         1, 1, 1, 1, 1, 1, 1, 1, 1, 1, 1, 1, 1, 1, 1, 1, 1, 1, 1, 1, 1, 1, 1, 1,
         1, 1, 1, 1, 1],
        [0, 0, 0, 0, 0, 0, 0, 0, 0, 0, 0, 0, 0, 0, 0, 0, 0, 0, 0, 0, 0, 0, 0, 0,
         0, 0, 0, 0, 0, 0, 0, 0, 0, 0, 0, 0, 0, 0, 0, 0, 0, 0, 0, 0, 0, 0, 0, 0,
         0, 0, 0, 0, 0, 0, 0, 0, 0, 0, 0, 0, 0, 0, 0, 0, 0, 0, 0, 0, 0, 0, 0, 0,
         0, 0, 0, 0, 0, 0, 0, 0, 0, 0, 0, 0, 0, 0, 0, 0, 0, 0, 0, 0, 0, 0, 0, 0,
         0, 0, 0, 0, 0, 0, 0, 0, 0, 0, 0, 0, 0, 0, 0, 0, 0, 0, 0, 0, 0, 0, 0, 0,
         0, 0, 0, 0, 0, 0, 0, 0, 0, 0, 0, 0, 0, 0, 0, 0, 0, 0, 0, 0, 0, 0, 0, 0,
         0, 0, 0, 0, 0, 0, 0, 0, 0, 0, 0, 0, 0, 0, 0, 0, 0, 0, 0, 0, 0, 0, 0, 0,
         0, 0, 0, 0, 0, 0, 0, 0, 0, 0, 0, 0, 0, 0, 0, 0, 0, 0, 0, 0, 0, 0, 0, 0,
         0, 0, 0, 0, 0, 0, 0, 0, 0, 0, 0, 0, 0, 0, 0, 0, 0, 0, 0, 0, 0, 0, 0, 0,
         0, 0, 0, 0, 0, 0, 0, 0, 0, 0, 0, 0, 0, 0, 0, 0, 0, 0, 0, 0, 0, 0, 0, 0,
         0, 0, 0, 0, 0, 0, 0, 0, 0, 0, 0, 0, 0, 0, 0, 0, 0, 0, 0, 0, 0, 0, 0, 0,
         0, 0, 0, 0, 0, 0, 0, 0, 0, 0, 0, 0, 0, 0, 0, 0, 0, 0, 0, 0, 0, 0, 0, 0,
         0, 0, 0, 0, 0, 1, 1, 1, 1, 1, 1, 1, 1, 1, 1, 1, 1, 1, 1, 1, 1, 1, 1, 1,
         1, 1, 1, 1, 1, 1, 1, 1, 1, 1, 1, 1, 1, 1, 1, 1, 1, 1, 1, 1, 1, 1, 1, 1,
         1, 1, 1, 1, 1, 1, 1, 1, 1, 1, 1, 1, 1, 1, 1, 1, 1, 1, 1, 1, 1, 1, 1, 1,
         1, 1, 1, 1, 1]], device='cuda:0'), 'labels': tensor([[  2,   2,   2,   2,   2,   2,   2,   2,   2,   2,   2,   2,   2,   2,
           2,   2,   2,   2,   2,   2,   2,   2,   2,   2,   2,   2,   2,   2,
           2,   2,   2,   2,   2,   2,   2,   2,   2,   2,   2,   2,   2,   2,
           2,   2,   2,   2,   2,   2,   2,   2,   2,   2,   2,   2,   2,   2,
           2,   2,   2,   2,   2,   2,   2,   2,   2,   2,   2,   2,   2,   2,
           2,   2,   2,   2,   2,   2,   2,   2,   2,   2,   2,   2,   2,   2,
           2,   2,   2,   2,   2,   2,   2,   2,   2,   2,   2,   2,   2,   2,
           2,   2,   2,   2,   2,   2,   2,   2,   2,   2,   2,   2,   2,   2,
           2,   2,   2,   2,   2,   2,   2,   2,   2,   2,   2,   2,   2,   2,
           2,   2,   2,   2,   2,   2,   2,   2,   2,   2,   2,   2,   2,   2,
           2,   2,   2,   2,   2,   2,   2,   2,   2,   2,   2,   2,   2,   2,
           2,   2,   2,   2,   2,   2,   2,   2,   2,   2,   2,   2,   2,   2,
           2,   2,   2,   2,   2,   2,   2,   2,   2,   2,   2,   2,   2,   2,
           2,   2,   2,   2,   2,   2,   2,   2,   2,   2,   2,   2,   2,   2,
           2,   2,   2,   2,   2,   2,   2,   2,   2,   2,   2,   2,   2,   2,
           2,   2,   2,   2,   2,   2,   2,   2,   2,   2,   2,   2,   2,   2,
           2,   2,   2,   2,   2,   2,   2,   2,   2,   2,   2,   2,   2,   2,
           2,   2,   2,   2,   2,   2,   2,   2,   2,   2,   2,   2,   2,   2,
           2,   2,   2,   2,   2,   2,   2,   2,   2,   2,   2,   2,   2,   2,
           2,   2,   2,   2,   2,   2,   2,   2,   2,   2,   2,   2,   2,   2,
           2,   2,   2,   2,   2,   2,   2,   2,   2,   2,   2,   2,   2,   2,
           2,   2,   2,   2,   2,   2,   2,   2,   2,   2,   2,   2,   2,   2,
           2,   2,   2,   2,   2,   2,   2,   2,   2,   2,   2,   2,   2,   2,
           2,   2,   2,   2,   2,   2,   2,   2,   2,   2,   2,   2,   2,   2,
           2,   2,   2,   2,   2,   2,   2,   2,   2,   2,   2,   2,   2,   2,
           2,   2,   2,   2,   2,   2,   2,   2,   2,   2,   2,   2,   2, 315,
           2],
        [  2,   2,   2,   2,   2,   2,   2,   2,   2,   2,   2,   2,   2,   2,
           2,   2,   2,   2,   2,   2,   2,   2,   2,   2,   2,   2,   2,   2,
           2,   2,   2,   2,   2,   2,   2,   2,   2,   2,   2,   2,   2,   2,
           2,   2,   2,   2,   2,   2,   2,   2,   2,   2,   2,   2,   2,   2,
           2,   2,   2,   2,   2,   2,   2,   2,   2,   2,   2,   2,   2,   2,
           2,   2,   2,   2,   2,   2,   2,   2,   2,   2,   2,   2,   2,   2,
           2,   2,   2,   2,   2,   2,   2,   2,   2,   2,   2,   2,   2,   2,
           2,   2,   2,   2,   2,   2,   2,   2,   2,   2,   2,   2,   2,   2,
           2,   2,   2,   2,   2,   2,   2,   2,   2,   2,   2,   2,   2,   2,
           2,   2,   2,   2,   2,   2,   2,   2,   2,   2,   2,   2,   2,   2,
           2,   2,   2,   2,   2,   2,   2,   2,   2,   2,   2,   2,   2,   2,
           2,   2,   2,   2,   2,   2,   2,   2,   2,   2,   2,   2,   2,   2,
           2,   2,   2,   2,   2,   2,   2,   2,   2,   2,   2,   2,   2,   2,
           2,   2,   2,   2,   2,   2,   2,   2,   2,   2,   2,   2,   2,   2,
           2,   2,   2,   2,   2,   2,   2,   2,   2,   2,   2,   2,   2,   2,
           2,   2,   2,   2,   2,   2,   2,   2,   2,   2,   2,   2,   2,   2,
           2,   2,   2,   2,   2,   2,   2,   2,   2,   2,   2,   2,   2,   2,
           2,   2,   2,   2,   2,   2,   2,   2,   2,   2,   2,   2,   2,   2,
           2,   2,   2,   2,   2,   2,   2,   2,   2,   2,   2,   2,   2,   2,
           2,   2,   2,   2,   2,   2,   2,   2,   2,   2,   2,   2,   2,   2,
           2,   2,   2,   2,   2,   2,   2,   2,   2,   2,   2,   2,   2,   2,
           2,   2,   2,   2,   2,   2,   2,   2,   2,   2,   2,   2,   2,   2,
           2,   2,   2,   2,   2,   2,   2,   2,   2,   2,   2,   2,   2,   2,
           2,   2,   2,   2,   2,   2,   2,   2,   2,   2,   2,   2,   2,   2,
           2,   2,   2,   2,   2,   2,   2,   2,   2,   2,   2,   2,   2,   2,
           2,   2,   2,   2,   2,   2,   2,   2,   2,   2,   2,   2,   2, 350,
           2]], device='cuda:0')}
*********
0
tensor([ True,  True,  True,  True,  True,  True, False, False],
       device='cuda:0')
{'input_ids': tensor([[    2,     2,     2,  ..., 31613, 30898, 30383],
        [    2,     2,     2,  ..., 31613, 30898, 30383],
        [ 9330, 29901,  9637,  ..., 31613, 30898, 30383],
        [    2,     2,     2,  ..., 31613, 30898, 30383],
        [    2,     2,     2,  ..., 31613, 30898, 30383],
        [    2,     2,     2,  ..., 31613, 30898, 30383]], device='cuda:0'), 'attention_mask': tensor([[0, 0, 0,  ..., 1, 1, 1],
        [0, 0, 0,  ..., 1, 1, 1],
        [1, 1, 1,  ..., 1, 1, 1],
        [0, 0, 0,  ..., 1, 1, 1],
        [0, 0, 0,  ..., 1, 1, 1],
        [0, 0, 0,  ..., 1, 1, 1]], device='cuda:0'), 'labels': tensor([[  2,   2,   2,  ...,   2, 350,   2],
        [  2,   2,   2,  ...,   2, 350,   2],
        [  2,   2,   2,  ...,   2, 319,   2],
        [  2,   2,   2,  ...,   2, 350,   2],
        [  2,   2,   2,  ...,   2, 319,   2],
        [  2,   2,   2,  ...,   2, 319,   2]], device='cuda:0')}
*********
0
tensor([ True,  True,  True,  True,  True,  True, False, False],
       device='cuda:0')
{'input_ids': tensor([[    2,     2,     2,  ..., 31613, 30898, 30383],
        [    2,     2,     2,  ..., 31613, 30898, 30383],
        [ 9330, 29901,  9637,  ..., 31613, 30898, 30383],
        [    2,     2,     2,  ..., 31613, 30898, 30383],
        [    2,     2,     2,  ..., 31613, 30898, 30383],
        [    2,     2,     2,  ..., 31613, 30898, 30383]], device='cuda:0'), 'attention_mask': tensor([[0, 0, 0,  ..., 1, 1, 1],
        [0, 0, 0,  ..., 1, 1, 1],
        [1, 1, 1,  ..., 1, 1, 1],
        [0, 0, 0,  ..., 1, 1, 1],
        [0, 0, 0,  ..., 1, 1, 1],
        [0, 0, 0,  ..., 1, 1, 1]], device='cuda:0'), 'labels': tensor([[  2,   2,   2,  ...,   2, 350,   2],
        [  2,   2,   2,  ...,   2, 350,   2],
        [  2,   2,   2,  ...,   2, 319,   2],
        [  2,   2,   2,  ...,   2, 350,   2],
        [  2,   2,   2,  ...,   2, 319,   2],
        [  2,   2,   2,  ...,   2, 319,   2]], device='cuda:0')}
*********
0
tensor([ True,  True,  True,  True,  True,  True, False, False],
       device='cuda:0')
{'input_ids': tensor([[    2,     2,     2,  ..., 31613, 30898, 30383],
        [    2,     2,     2,  ..., 31613, 30898, 30383],
        [ 9330, 29901,  9637,  ..., 31613, 30898, 30383],
        [    2,     2,     2,  ..., 31613, 30898, 30383],
        [    2,     2,     2,  ..., 31613, 30898, 30383],
        [    2,     2,     2,  ..., 31613, 30898, 30383]], device='cuda:0'), 'attention_mask': tensor([[0, 0, 0,  ..., 1, 1, 1],
        [0, 0, 0,  ..., 1, 1, 1],
        [1, 1, 1,  ..., 1, 1, 1],
        [0, 0, 0,  ..., 1, 1, 1],
        [0, 0, 0,  ..., 1, 1, 1],
        [0, 0, 0,  ..., 1, 1, 1]], device='cuda:0'), 'labels': tensor([[  2,   2,   2,  ...,   2, 350,   2],
        [  2,   2,   2,  ...,   2, 350,   2],
        [  2,   2,   2,  ...,   2, 319,   2],
        [  2,   2,   2,  ...,   2, 350,   2],
        [  2,   2,   2,  ...,   2, 319,   2],
        [  2,   2,   2,  ...,   2, 319,   2]], device='cuda:0')}
*********
0
tensor([ True,  True,  True,  True,  True,  True, False, False],
       device='cuda:0')
{'input_ids': tensor([[    2,     2,     2,  ..., 31613, 30898, 30383],
        [    2,     2,     2,  ..., 31613, 30898, 30383],
        [ 9330, 29901,  9637,  ..., 31613, 30898, 30383],
        [    2,     2,     2,  ..., 31613, 30898, 30383],
        [    2,     2,     2,  ..., 31613, 30898, 30383],
        [    2,     2,     2,  ..., 31613, 30898, 30383]], device='cuda:0'), 'attention_mask': tensor([[0, 0, 0,  ..., 1, 1, 1],
        [0, 0, 0,  ..., 1, 1, 1],
        [1, 1, 1,  ..., 1, 1, 1],
        [0, 0, 0,  ..., 1, 1, 1],
        [0, 0, 0,  ..., 1, 1, 1],
        [0, 0, 0,  ..., 1, 1, 1]], device='cuda:0'), 'labels': tensor([[  2,   2,   2,  ...,   2, 350,   2],
        [  2,   2,   2,  ...,   2, 350,   2],
        [  2,   2,   2,  ...,   2, 319,   2],
        [  2,   2,   2,  ...,   2, 350,   2],
        [  2,   2,   2,  ...,   2, 319,   2],
        [  2,   2,   2,  ...,   2, 319,   2]], device='cuda:0')}
*********
1
tensor([False, False, False, False, False, False,  True,  True],
       device='cuda:0')
{'input_ids': tensor([[    2,     2,     2,     2,     2,     2,     2,     2,     2,     2,
             2,     2,     2,     2,     2,     2,     2,     2,     2,     2,
             2,     2,     2,     2,     2,     2,     2,     2,     2,     2,
             2,     2,     2,     2,     2,     2,     2,     2,     2,     2,
             2,     2,     2,     2,     2,     2,     2,     2,     2,     2,
             2,     2,     2,     2,     2,     2,     2,     2,     2,     2,
             2,     2,     2,     2,     2,     2,     2,     2,     2,     2,
             2,     2,     2,     2,     2,     2,     2,     2,     2,     2,
             2,     2,     2,     2,     2,     2,     2,     2,     2,     2,
             2,     2,     2,     2,     2,     2,     2,     2,     2,     2,
             2,     2,     2,     2,     2,     2,     2,     2,     2,     2,
             2,     2,     2,     2,     2,     2,     2,     2,     2,     2,
             2,     2,     2,     2,     2,     2,     2,     2,     2,     2,
             2,     2,     2,     2,     2,     2,     2,     2,     2,     2,
             2,     2,     2,     2,     2,     2,     2,     2,     2,     2,
             2,     2,     2,     2,     2,     2,     2,     2,     2,     2,
             2,     2,     2,     2,     2,     2,     2,     2,     2,     2,
             2,     2,     2,     2,     2,     2,     2,     2,     2,     2,
             2,     2,     2,     2,     2,     2,     2,     2,     2,     2,
             2,     2,     2,     2,     2,     2,     2,     2,     2,     2,
             2,     2,     2,     2,     2,     2,     2,     2,     2,     2,
             2,     2,     2,     2,     2,     2,     2,     2,     2,     2,
             2,     2,     2,     2,     2,     2,     2,     2,     2,     2,
             2,     2,     2,     2,     2,     2,     2,     2,     2,     2,
             2,     2,     2,     2,     2,     2,     2,     2,     2,     2,
             2,     2,     2,     2,     2,     2,     2,     2,     2,     2,
             2,     2,     2,     2,     2,     2,     2,     2,     2,     2,
             2,     2,     2,     2,     2,     2,     2,     2,  9330, 29901,
          9637,    13, 16390, 24541, 29901,   285,   290, 29883,    13,  5618,
           338,   278,  1601,   300,   653,  8898,   380,   749,   363,   278,
          1494,  1426, 29973,   319, 29889, 27698,   728, 29892,   350, 29889,
           447, 29893, 29895,   728, 29892,   315, 29889, 21104, 29889, 14542,
           852,   697,   515,   319, 29892,   350,   322,   315, 29889,    13,
          1626, 29901,    13, 29902,  2099, 29892,   591, 30003,  1552, 30003,
           351,   475, 29892,   278,  9443,  1546,   269,  2364,   297,   278,
         26504,   322,  4414,   362,   338,  8062, 29892,   756,  1063,  8062,
         29889,    13,   855,   749, 29901],
        [    2,     2,     2,     2,     2,     2,     2,     2,     2,     2,
             2,     2,     2,     2,     2,     2,     2,     2,     2,     2,
             2,     2,     2,     2,     2,     2,     2,     2,     2,     2,
             2,     2,     2,     2,     2,     2,     2,     2,     2,     2,
             2,     2,     2,     2,     2,     2,     2,     2,     2,     2,
             2,     2,     2,     2,     2,     2,     2,     2,     2,     2,
             2,     2,     2,     2,     2,     2,     2,     2,     2,     2,
             2,     2,     2,     2,     2,     2,     2,     2,     2,     2,
             2,     2,     2,     2,     2,     2,     2,     2,     2,     2,
             2,     2,     2,     2,     2,     2,     2,     2,     2,     2,
             2,     2,     2,     2,     2,     2,     2,     2,     2,     2,
             2,     2,     2,     2,     2,     2,     2,     2,     2,     2,
             2,     2,     2,     2,     2,     2,     2,     2,     2,     2,
             2,     2,     2,     2,     2,     2,     2,     2,     2,     2,
             2,     2,     2,     2,     2,     2,     2,     2,     2,     2,
             2,     2,     2,     2,     2,     2,     2,     2,     2,     2,
             2,     2,     2,     2,     2,     2,     2,     2,     2,     2,
             2,     2,     2,     2,     2,     2,     2,     2,     2,     2,
             2,     2,     2,     2,     2,     2,     2,     2,     2,     2,
             2,     2,     2,     2,     2,     2,     2,     2,     2,     2,
             2,     2,     2,     2,     2,     2,     2,     2,     2,     2,
             2,     2,     2,     2,     2,     2,     2,     2,     2,     2,
             2,     2,     2,     2,     2,     2,     2,     2,     2,     2,
             2,     2,     2,     2,     2,     2,     2,     2,     2,     2,
             2,     2,     2,     2,     2,     2,     2,     2,     2,     2,
             2,     2,     2,     2,     2,     2,     2,     2,     2,     2,
             2,     2,     2,     2,     2,     2,     2,     2,     2,     2,
             2,     2,     2,     2,     2,     2,     2,     2,     2,     2,
             2,     2,     2,     2,     2,     2,     2,     2,     2,     2,
             2,     2,     2,  9330, 29901,  9637,    13, 16390, 24541, 29901,
           285,   290, 29883,    13,  5618,   338,   278,  1601,   300,   653,
          8898,   380,   749,   363,   278,  1494,  1426, 29973,   319, 29889,
         27698,   728, 29892,   350, 29889,   447, 29893, 29895,   728, 29892,
           315, 29889, 21104, 29889, 14542,   852,   697,   515,   319, 29892,
           350,   322,   315, 29889,    13,  1626, 29901,    13,  1576, 12045,
           310,  6133,  4414,   362,   297,   445,  5177,   756,  1023, 13391,
         29889,    13,   855,   749, 29901]], device='cuda:0'), 'attention_mask': tensor([[0, 0, 0, 0, 0, 0, 0, 0, 0, 0, 0, 0, 0, 0, 0, 0, 0, 0, 0, 0, 0, 0, 0, 0,
         0, 0, 0, 0, 0, 0, 0, 0, 0, 0, 0, 0, 0, 0, 0, 0, 0, 0, 0, 0, 0, 0, 0, 0,
         0, 0, 0, 0, 0, 0, 0, 0, 0, 0, 0, 0, 0, 0, 0, 0, 0, 0, 0, 0, 0, 0, 0, 0,
         0, 0, 0, 0, 0, 0, 0, 0, 0, 0, 0, 0, 0, 0, 0, 0, 0, 0, 0, 0, 0, 0, 0, 0,
         0, 0, 0, 0, 0, 0, 0, 0, 0, 0, 0, 0, 0, 0, 0, 0, 0, 0, 0, 0, 0, 0, 0, 0,
         0, 0, 0, 0, 0, 0, 0, 0, 0, 0, 0, 0, 0, 0, 0, 0, 0, 0, 0, 0, 0, 0, 0, 0,
         0, 0, 0, 0, 0, 0, 0, 0, 0, 0, 0, 0, 0, 0, 0, 0, 0, 0, 0, 0, 0, 0, 0, 0,
         0, 0, 0, 0, 0, 0, 0, 0, 0, 0, 0, 0, 0, 0, 0, 0, 0, 0, 0, 0, 0, 0, 0, 0,
         0, 0, 0, 0, 0, 0, 0, 0, 0, 0, 0, 0, 0, 0, 0, 0, 0, 0, 0, 0, 0, 0, 0, 0,
         0, 0, 0, 0, 0, 0, 0, 0, 0, 0, 0, 0, 0, 0, 0, 0, 0, 0, 0, 0, 0, 0, 0, 0,
         0, 0, 0, 0, 0, 0, 0, 0, 0, 0, 0, 0, 0, 0, 0, 0, 0, 0, 0, 0, 0, 0, 0, 0,
         0, 0, 0, 0, 0, 0, 0, 0, 0, 0, 0, 0, 0, 0, 1, 1, 1, 1, 1, 1, 1, 1, 1, 1,
         1, 1, 1, 1, 1, 1, 1, 1, 1, 1, 1, 1, 1, 1, 1, 1, 1, 1, 1, 1, 1, 1, 1, 1,
         1, 1, 1, 1, 1, 1, 1, 1, 1, 1, 1, 1, 1, 1, 1, 1, 1, 1, 1, 1, 1, 1, 1, 1,
         1, 1, 1, 1, 1, 1, 1, 1, 1, 1, 1, 1, 1, 1, 1, 1, 1, 1, 1, 1, 1, 1, 1, 1,
         1, 1, 1, 1, 1],
        [0, 0, 0, 0, 0, 0, 0, 0, 0, 0, 0, 0, 0, 0, 0, 0, 0, 0, 0, 0, 0, 0, 0, 0,
         0, 0, 0, 0, 0, 0, 0, 0, 0, 0, 0, 0, 0, 0, 0, 0, 0, 0, 0, 0, 0, 0, 0, 0,
         0, 0, 0, 0, 0, 0, 0, 0, 0, 0, 0, 0, 0, 0, 0, 0, 0, 0, 0, 0, 0, 0, 0, 0,
         0, 0, 0, 0, 0, 0, 0, 0, 0, 0, 0, 0, 0, 0, 0, 0, 0, 0, 0, 0, 0, 0, 0, 0,
         0, 0, 0, 0, 0, 0, 0, 0, 0, 0, 0, 0, 0, 0, 0, 0, 0, 0, 0, 0, 0, 0, 0, 0,
         0, 0, 0, 0, 0, 0, 0, 0, 0, 0, 0, 0, 0, 0, 0, 0, 0, 0, 0, 0, 0, 0, 0, 0,
         0, 0, 0, 0, 0, 0, 0, 0, 0, 0, 0, 0, 0, 0, 0, 0, 0, 0, 0, 0, 0, 0, 0, 0,
         0, 0, 0, 0, 0, 0, 0, 0, 0, 0, 0, 0, 0, 0, 0, 0, 0, 0, 0, 0, 0, 0, 0, 0,
         0, 0, 0, 0, 0, 0, 0, 0, 0, 0, 0, 0, 0, 0, 0, 0, 0, 0, 0, 0, 0, 0, 0, 0,
         0, 0, 0, 0, 0, 0, 0, 0, 0, 0, 0, 0, 0, 0, 0, 0, 0, 0, 0, 0, 0, 0, 0, 0,
         0, 0, 0, 0, 0, 0, 0, 0, 0, 0, 0, 0, 0, 0, 0, 0, 0, 0, 0, 0, 0, 0, 0, 0,
         0, 0, 0, 0, 0, 0, 0, 0, 0, 0, 0, 0, 0, 0, 0, 0, 0, 0, 0, 0, 0, 0, 0, 0,
         0, 0, 0, 0, 0, 1, 1, 1, 1, 1, 1, 1, 1, 1, 1, 1, 1, 1, 1, 1, 1, 1, 1, 1,
         1, 1, 1, 1, 1, 1, 1, 1, 1, 1, 1, 1, 1, 1, 1, 1, 1, 1, 1, 1, 1, 1, 1, 1,
         1, 1, 1, 1, 1, 1, 1, 1, 1, 1, 1, 1, 1, 1, 1, 1, 1, 1, 1, 1, 1, 1, 1, 1,
         1, 1, 1, 1, 1]], device='cuda:0'), 'labels': tensor([[  2,   2,   2,   2,   2,   2,   2,   2,   2,   2,   2,   2,   2,   2,
           2,   2,   2,   2,   2,   2,   2,   2,   2,   2,   2,   2,   2,   2,
           2,   2,   2,   2,   2,   2,   2,   2,   2,   2,   2,   2,   2,   2,
           2,   2,   2,   2,   2,   2,   2,   2,   2,   2,   2,   2,   2,   2,
           2,   2,   2,   2,   2,   2,   2,   2,   2,   2,   2,   2,   2,   2,
           2,   2,   2,   2,   2,   2,   2,   2,   2,   2,   2,   2,   2,   2,
           2,   2,   2,   2,   2,   2,   2,   2,   2,   2,   2,   2,   2,   2,
           2,   2,   2,   2,   2,   2,   2,   2,   2,   2,   2,   2,   2,   2,
           2,   2,   2,   2,   2,   2,   2,   2,   2,   2,   2,   2,   2,   2,
           2,   2,   2,   2,   2,   2,   2,   2,   2,   2,   2,   2,   2,   2,
           2,   2,   2,   2,   2,   2,   2,   2,   2,   2,   2,   2,   2,   2,
           2,   2,   2,   2,   2,   2,   2,   2,   2,   2,   2,   2,   2,   2,
           2,   2,   2,   2,   2,   2,   2,   2,   2,   2,   2,   2,   2,   2,
           2,   2,   2,   2,   2,   2,   2,   2,   2,   2,   2,   2,   2,   2,
           2,   2,   2,   2,   2,   2,   2,   2,   2,   2,   2,   2,   2,   2,
           2,   2,   2,   2,   2,   2,   2,   2,   2,   2,   2,   2,   2,   2,
           2,   2,   2,   2,   2,   2,   2,   2,   2,   2,   2,   2,   2,   2,
           2,   2,   2,   2,   2,   2,   2,   2,   2,   2,   2,   2,   2,   2,
           2,   2,   2,   2,   2,   2,   2,   2,   2,   2,   2,   2,   2,   2,
           2,   2,   2,   2,   2,   2,   2,   2,   2,   2,   2,   2,   2,   2,
           2,   2,   2,   2,   2,   2,   2,   2,   2,   2,   2,   2,   2,   2,
           2,   2,   2,   2,   2,   2,   2,   2,   2,   2,   2,   2,   2,   2,
           2,   2,   2,   2,   2,   2,   2,   2,   2,   2,   2,   2,   2,   2,
           2,   2,   2,   2,   2,   2,   2,   2,   2,   2,   2,   2,   2,   2,
           2,   2,   2,   2,   2,   2,   2,   2,   2,   2,   2,   2,   2,   2,
           2,   2,   2,   2,   2,   2,   2,   2,   2,   2,   2,   2,   2, 315,
           2],
        [  2,   2,   2,   2,   2,   2,   2,   2,   2,   2,   2,   2,   2,   2,
           2,   2,   2,   2,   2,   2,   2,   2,   2,   2,   2,   2,   2,   2,
           2,   2,   2,   2,   2,   2,   2,   2,   2,   2,   2,   2,   2,   2,
           2,   2,   2,   2,   2,   2,   2,   2,   2,   2,   2,   2,   2,   2,
           2,   2,   2,   2,   2,   2,   2,   2,   2,   2,   2,   2,   2,   2,
           2,   2,   2,   2,   2,   2,   2,   2,   2,   2,   2,   2,   2,   2,
           2,   2,   2,   2,   2,   2,   2,   2,   2,   2,   2,   2,   2,   2,
           2,   2,   2,   2,   2,   2,   2,   2,   2,   2,   2,   2,   2,   2,
           2,   2,   2,   2,   2,   2,   2,   2,   2,   2,   2,   2,   2,   2,
           2,   2,   2,   2,   2,   2,   2,   2,   2,   2,   2,   2,   2,   2,
           2,   2,   2,   2,   2,   2,   2,   2,   2,   2,   2,   2,   2,   2,
           2,   2,   2,   2,   2,   2,   2,   2,   2,   2,   2,   2,   2,   2,
           2,   2,   2,   2,   2,   2,   2,   2,   2,   2,   2,   2,   2,   2,
           2,   2,   2,   2,   2,   2,   2,   2,   2,   2,   2,   2,   2,   2,
           2,   2,   2,   2,   2,   2,   2,   2,   2,   2,   2,   2,   2,   2,
           2,   2,   2,   2,   2,   2,   2,   2,   2,   2,   2,   2,   2,   2,
           2,   2,   2,   2,   2,   2,   2,   2,   2,   2,   2,   2,   2,   2,
           2,   2,   2,   2,   2,   2,   2,   2,   2,   2,   2,   2,   2,   2,
           2,   2,   2,   2,   2,   2,   2,   2,   2,   2,   2,   2,   2,   2,
           2,   2,   2,   2,   2,   2,   2,   2,   2,   2,   2,   2,   2,   2,
           2,   2,   2,   2,   2,   2,   2,   2,   2,   2,   2,   2,   2,   2,
           2,   2,   2,   2,   2,   2,   2,   2,   2,   2,   2,   2,   2,   2,
           2,   2,   2,   2,   2,   2,   2,   2,   2,   2,   2,   2,   2,   2,
           2,   2,   2,   2,   2,   2,   2,   2,   2,   2,   2,   2,   2,   2,
           2,   2,   2,   2,   2,   2,   2,   2,   2,   2,   2,   2,   2,   2,
           2,   2,   2,   2,   2,   2,   2,   2,   2,   2,   2,   2,   2, 350,
           2]], device='cuda:0')}
